Weights1: 0.43982548559413237 1.0376024596630646 0.01700738910444618 -3.5818271831915496 1.1897299464457285 -3.170081480410167 0.35823645809946436 0.327194730650877 0.3801342451982671 
Weights2: 5.93082468071307 -6.016233427612324 -2.0113891075174557 2.040272074481683 5.497683931742562 -5.594333997876133 